1
5000
220 469 281 530
474 50 686 418
448 130 709 131
134 947 534 949
440 566 476 905
251 448 331 978
313 543 895 775
116 780 812 922
994 695 997 998
443 316 969 491
578 821 631 839
265 842 977 970
317 195 940 283
647 4 691 971
360 46 748 170
227 672 720 950
609 194 817 438
994 267 996 369
676 633 720 951
496 542 665 873
758 799 780 920
810 231 837 563
556 794 716 907
241 684 538 717
911 208 931 582
413 894 904 944
583 313 692 546
464 971 927 977
343 713 678 993
555 987 905 994
565 779 909 839
336 411 557 659
433 48 771 722
728 895 840 920
807 465 879 677
850 127 989 268
920 30 926 650
235 386 878 871
14 12 866 562
100 800 567 867
398 177 960 677
975 983 992 993
725 633 916 875
242 986 525 989
911 909 948 997
95 714 378 853
552 811 885 876
903 767 951 956
826 498 834 626
780 672 784 955
385 431 566 898
756 18 973 500
199 973 685 981
409 133 566 282
479 118 619 516
495 175 810 589
353 244 530 959
264 640 463 977
694 896 761 918
455 346 631 771
372 470 687 895
406 86 618 563
857 757 973 967
53 604 967 819
336 655 674 928
560 486 844 611
96 829 988 979
702 768 912 825
195 78 343 606
635 236 730 819
396 164 981 690
537 491 740 878
655 728 984 930
165 47 686 885
215 268 691 409
264 847 599 928
131 551 567 561
229 814 844 977
676 558 767 716
371 693 625 960
923 138 964 865
581 300 818 587
699 579 950 925
172 27 377 133
620 305 954 500
620 296 748 868
771 255 852 285
931 822 987 957
363 856 516 986
839 586 939 923
177 284 460 701
777 332 953 803
911 979 915 988
847 563 939 576
257 329 432 857
244 916 599 998
999 765 1000 931
670 351 684 567
633 419 974 863
46 220 170 758
740 521 897 893
36 900 303 947
107 402 321 605
953 653 966 667
301 857 813 889
425 752 661 999
701 394 845 921
543 947 686 997
722 45 821 182
367 99 638 955
981 533 995 988
700 713 716 776
794 103 863 474
4 323 531 960
273 672 496 800
650 179 827 369
727 646 780 764
990 26 996 769
161 320 870 573
367 362 732 588
541 737 803 985
699 123 745 279
962 264 982 429
863 924 987 927
636 183 848 787
304 186 647 334
896 879 904 945
669 813 742 824
820 332 892 462
314 872 536 906
385 15 895 854
921 851 973 955
819 165 941 302
649 639 777 673
902 373 994 526
58 56 842 816
424 918 449 954
444 435 693 811
184 936 531 972
740 972 976 997
167 548 852 791
59 688 727 772
652 701 734 723
885 547 947 922
901 100 942 245
726 56 927 623
228 356 841 571
784 904 830 936
169 198 447 930
382 418 525 496
807 627 924 804
672 650 797 671
212 393 253 543
764 451 879 480
577 598 736 936
83 412 254 651
479 18 799 86
191 757 212 949
273 916 509 943
534 112 653 508
704 681 816 773
925 19 955 636
830 643 884 812
922 762 963 768
814 322 863 688
313 117 816 551
471 997 572 1000
768 207 819 601
308 292 971 488
65 643 722 800
69 39 254 706
547 884 948 933
248 980 652 987
152 973 547 990
58 658 245 782
631 183 976 947
873 966 874 993
377 502 694 519
383 863 699 995
31 52 297 94
735 712 929 895
109 707 423 990
612 400 884 597
420 402 708 801
48 988 656 993
985 801 1000 938
853 716 930 799
94 163 663 868
470 787 924 935
147 722 670 831
720 328 892 401
648 889 752 997
2 930 659 965
662 842 915 925
641 852 903 980
660 879 961 990
10 570 170 912
706 664 940 935
360 222 570 576
392 397 849 880
870 377 876 661
771 966 780 970
399 922 800 996
650 388 907 621
863 924 943 957
610 721 843 914
405 180 745 628
959 405 961 584
113 792 822 1000
498 609 798 756
685 488 910 734
946 111 990 969
663 198 907 830
196 970 966 985
630 370 928 741
226 554 930 943
835 483 914 934
596 873 881 902
128 957 325 971
813 206 891 919
550 345 831 478
3 147 387 983
572 224 581 350
336 787 985 888
303 690 591 808
856 657 905 658
638 907 798 923
664 565 877 640
240 451 880 526
376 583 467 994
570 564 875 874
291 46 851 272
25 597 346 926
677 555 708 802
128 754 636 921
455 518 750 933
377 143 953 934
927 860 962 976
936 936 953 978
105 451 640 950
946 42 988 885
199 799 344 939
366 701 996 891
718 405 750 897
821 684 975 769
339 702 652 734
341 808 471 922
925 167 947 660
811 106 998 911
523 359 683 963
593 933 880 933
545 856 906 858
778 51 872 607
432 767 708 845
383 608 852 950
60 267 157 712
83 988 105 1000
763 796 785 954
159 522 614 845
587 148 740 597
746 684 864 690
913 499 974 847
229 730 325 895
424 527 754 965
141 758 980 790
647 476 828 657
460 664 502 764
286 887 360 971
641 443 681 938
579 652 629 679
979 641 983 754
471 15 606 336
591 212 774 400
554 76 824 991
64 867 822 970
73 839 101 990
139 929 381 937
985 523 993 561
91 780 422 922
790 280 991 843
680 613 874 694
416 600 492 648
909 334 941 492
404 816 784 906
171 816 975 909
440 166 863 921
909 160 992 960
943 916 959 949
291 171 933 455
258 24 572 777
922 222 944 520
214 544 285 617
595 57 686 905
179 202 524 566
982 803 988 966
187 574 351 667
531 504 904 534
352 379 854 891
729 230 924 370
207 901 983 931
513 219 632 370
563 51 598 482
439 630 829 968
383 252 889 291
431 149 740 331
483 572 867 840
604 332 649 429
607 710 885 821
77 963 219 971
789 834 980 928
819 668 890 727
396 619 857 662
220 252 910 280
5 245 627 410
203 369 602 496
808 462 917 590
248 948 381 970
648 455 875 496
522 996 815 998
230 445 978 909
955 864 1000 961
189 539 929 941
459 565 860 968
235 440 422 462
414 231 944 362
978 987 983 996
51 322 329 542
501 484 672 665
482 788 694 867
845 679 932 947
678 663 706 685
443 532 516 786
263 617 759 688
433 99 677 144
637 94 959 824
260 568 623 859
410 133 617 361
181 302 971 444
685 914 799 987
651 149 757 742
207 847 244 885
854 29 978 737
481 77 887 784
384 755 618 790
268 403 756 493
269 244 708 816
795 631 795 851
931 480 963 705
453 868 709 890
775 42 810 217
368 985 738 985
508 276 861 398
21 741 797 987
344 549 779 874
247 432 954 948
698 516 989 607
674 271 764 710
987 603 990 949
728 274 905 568
619 137 810 969
790 447 817 575
100 911 495 989
496 41 650 65
313 1000 721 219
44 331 398 765
185 163 537 638
806 740 819 835
318 574 989 831
371 821 473 835
397 863 882 915
542 568 950 668
746 37 781 768
801 254 952 997
779 873 980 963
968 149 971 730
860 843 868 911
3 889 724 915
902 753 959 878
978 315 980 478
154 633 928 812
237 977 346 983
741 954 881 954
868 920 875 973
812 123 893 342
455 604 676 847
653 715 745 924
602 659 922 839
177 260 522 776
227 272 518 969
83 98 258 311
912 453 990 718
763 965 882 981
472 657 913 887
49 646 915 747
513 300 947 512
282 438 346 513
969 137 978 748
561 584 884 704
30 96 264 303
505 320 530 494
95 764 793 864
896 790 982 831
84 877 280 990
47 907 533 910
235 685 255 849
583 634 888 739
740 66 803 579
603 266 839 610
726 816 805 821
1000 626 166 902
383 440 517 769
985 581 994 862
60 839 716 971
468 582 682 863
743 354 989 438
643 271 964 454
28 794 858 890
776 294 820 833
456 456 757 985
849 572 983 690
231 125 708 175
489 222 980 966
445 758 745 838
717 929 749 1000
758 458 955 515
608 4 822 308
717 878 831 888
950 665 956 991
716 690 750 753
739 797 776 860
328 193 785 320
715 795 960 874
851 344 895 462
502 387 856 516
861 413 958 841
147 686 866 938
11 496 184 886
39 182 76 606
427 446 764 987
838 542 848 972
786 192 878 525
662 512 722 533
1000 284 945 901
423 528 552 748
88 953 92 971
488 522 564 652
13 902 325 967
512 151 718 159
513 51 887 902
565 674 700 851
718 292 891 800
454 474 961 952
319 743 820 857
341 582 740 649
305 139 916 203
987 958 990 977
751 139 763 478
559 392 562 440
843 604 981 730
517 327 639 913
707 668 931 992
929 184 932 281
399 45 527 178
881 150 999 284
14 212 227 625
538 27 584 885
597 910 666 953
475 698 930 724
690 892 899 924
812 713 872 917
132 824 572 830
944 125 952 461
691 736 915 990
595 152 805 839
489 194 696 790
740 810 761 950
614 373 935 888
657 418 875 750
596 11 990 244
775 601 910 699
711 226 723 247
815 531 846 584
201 49 685 929
53 101 216 346
567 918 766 993
888 600 970 657
424 906 991 975
274 63 682 357
577 803 759 978
964 576 984 672
701 652 757 917
684 797 979 811
464 950 890 971
332 757 474 885
814 582 959 789
779 657 966 894
252 633 861 855
619 640 661 997
564 238 929 592
910 367 924 737
789 762 874 878
487 861 649 874
796 2 852 915
784 749 893 820
656 30 921 657
820 728 913 825
922 578 940 989
305 758 974 812
751 253 963 539
615 152 913 604
454 664 763 703
852 52 862 141
592 678 717 862
704 546 832 760
952 730 991 736
10 962 414 994
759 954 787 978
263 289 955 314
579 143 683 447
241 194 691 515
244 146 523 873
497 541 531 630
96 386 330 643
662 443 747 504
709 226 861 751
281 421 361 729
381 639 796 986
652 448 938 533
510 160 715 222
585 207 587 659
225 908 910 999
52 762 354 788
340 426 904 487
375 956 979 995
241 506 560 784
786 192 971 549
640 333 805 958
230 311 636 689
612 527 947 612
342 616 918 847
2 13 311 981
8 182 797 722
584 612 686 947
311 212 850 435
486 705 625 942
971 216 972 386
429 548 870 915
343 955 397 955
34 269 434 783
893 321 948 666
829 224 986 910
111 266 517 935
976 615 987 964
737 99 885 725
902 476 974 596
85 826 171 994
179 154 330 737
769 773 979 995
626 180 879 971
59 184 853 636
981 70 982 726
185 669 990 917
205 518 548 661
244 540 392 667
672 401 754 420
969 418 989 807
908 774 914 824
888 487 979 827
862 980 964 999
743 146 978 451
378 732 456 905
950 205 969 526
985 639 997 730
732 526 816 561
295 800 517 983
591 650 910 830
482 568 719 984
932 884 992 976
960 577 994 845
285 729 425 879
259 401 533 551
74 119 736 526
475 300 771 823
375 677 443 877
937 826 959 852
835 902 996 959
602 212 789 762
843 477 916 767
889 44 902 997
759 966 759 977
397 120 823 300
431 700 861 808
841 666 909 825
850 533 978 780
796 951 990 983
659 881 944 992
107 363 424 842
570 468 950 867
614 952 981 993
463 66 516 946
775 723 805 735
339 249 907 476
692 875 971 938
485 430 941 786
679 724 969 844
854 889 908 977
424 660 951 932
572 71 618 655
981 137 981 361
22 973 614 981
552 574 913 585
470 220 1000 336
324 811 549 957
102 118 337 551
666 212 941 769
176 962 977 966
44 14 244 995
336 959 431 992
680 907 893 971
101 23 105 951
16 128 124 649
829 868 963 902
591 712 910 870
292 823 825 953
251 216 636 463
778 235 908 424
657 67 762 530
337 928 843 957
819 900 875 1000
749 337 866 658
270 695 639 824
368 947 878 983
152 841 865 890
88 71 624 199
199 286 213 373
175 886 947 933
913 221 915 404
721 363 834 858
547 868 768 966
615 18 756 880
426 863 580 925
543 172 949 976
700 930 807 985
876 738 932 959
876 322 899 948
618 774 816 812
331 698 540 820
51 187 998 975
440 900 993 965
870 44 956 746
138 162 300 752
461 94 553 301
102 186 298 379
327 401 727 814
994 289 996 752
230 719 564 928
860 426 977 624
550 71 777 744
783 460 820 871
647 841 692 940
618 90 701 275
849 870 994 907
15 201 825 626
253 112 439 328
859 914 945 991
720 280 765 552
447 409 583 635
425 539 740 846
413 348 505 511
265 650 875 981
444 643 575 961
478 305 748 459
729 577 754 766
286 243 883 735
498 214 707 349
648 775 948 858
881 615 965 846
668 911 681 919
307 634 830 634
265 648 557 749
505 381 684 988
729 133 907 582
98 694 156 986
529 489 634 577
302 525 465 813
845 204 885 944
4 279 32 949
150 757 578 944
6 198 979 461
145 893 472 899
971 493 996 672
887 572 919 741
819 609 887 654
500 39 558 424
316 887 403 901
463 321 581 560
997 970 998 978
475 625 725 731
364 604 432 630
626 808 960 827
237 881 400 935
956 176 997 688
6 382 131 659
52 42 232 629
540 194 748 879
650 373 703 659
709 794 887 813
686 241 777 861
786 348 889 846
556 565 598 629
89 99 665 579
193 287 864 319
51 364 493 392
407 588 689 794
219 15 259 845
717 684 817 828
66 271 335 924
828 384 837 522
157 101 429 625
753 891 907 992
488 167 849 347
130 510 532 581
472 391 831 978
816 142 824 234
698 476 801 970
850 758 980 933
831 285 955 936
783 119 801 160
369 774 546 937
549 487 915 506
810 94 848 258
437 76 752 157
747 570 818 937
202 280 765 435
247 308 457 743
719 81 989 229
188 825 953 883
461 54 693 838
404 197 450 759
717 540 819 721
103 398 343 797
761 763 952 864
152 345 367 950
312 861 729 881
670 814 815 817
447 801 839 887
230 873 627 956
284 471 961 886
914 519 1000 749
327 977 661 978
171 425 493 512
50 958 708 977
221 695 426 940
906 703 983 937
304 853 794 976
879 626 963 803
136 26 445 549
313 486 617 653
297 816 411 963
941 57 976 126
199 849 759 895
283 442 782 649
779 104 948 615
966 939 973 993
43 563 817 898
71 786 76 850
626 666 988 722
835 134 983 534
595 995 799 997
21 237 267 444
679 345 756 864
212 703 830 935
828 825 931 850
503 264 638 858
825 493 994 685
327 967 523 981
443 489 498 610
83 777 752 950
714 185 740 616
813 594 916 704
908 535 929 758
154 758 563 900
338 423 971 766
666 333 695 925
703 643 890 764
886 976 897 981
450 330 838 468
158 539 197 873
77 733 852 925
366 520 896 874
261 895 645 988
68 179 835 848
643 384 774 892
516 985 672 996
938 577 943 725
407 776 896 846
352 210 371 673
808 332 809 799
818 326 915 992
309 627 521 768
190 155 651 564
21 134 553 250
842 378 991 785
594 775 775 792
304 870 825 956
111 269 763 596
549 168 925 293
177 163 505 639
745 111 885 289
411 832 978 869
621 667 659 892
472 692 756 737
498 462 509 796
90 973 940 977
608 829 741 896
913 717 935 748
58 973 493 977
25 776 148 984
486 424 585 1000
656 525 717 939
227 745 312 822
528 730 904 779
43 414 255 614
147 256 649 670
641 368 818 426
477 923 801 932
170 704 882 750
524 522 823 815
446 37 930 429
739 76 955 737
757 403 917 707
668 506 997 921
657 526 771 720
948 245 951 673
874 821 990 986
312 111 712 163
538 254 828 665
51 68 334 181
441 434 742 660
614 82 730 508
161 915 679 950
237 883 412 955
901 584 916 796
960 359 990 727
328 977 929 989
366 484 377 691
783 683 939 699
829 559 878 982
939 727 990 740
555 936 840 958
819 731 895 831
886 104 887 469
948 142 958 755
217 316 543 855
631 753 856 895
330 965 448 982
973 783 974 860
572 724 631 847
857 665 857 754
622 394 724 932
218 393 986 484
276 281 514 729
596 353 658 452
587 343 935 644
619 828 829 831
209 623 400 748
451 181 534 508
220 830 709 836
70 584 527 669
87 875 369 877
405 705 679 853
401 528 862 808
417 659 752 764
145 152 989 294
426 43 521 649
351 830 840 977
537 158 554 298
26 330 227 712
367 942 523 962
385 302 580 380
94 240 196 577
316 705 535 828
781 926 893 976
477 969 870 971
254 376 626 867
782 49 870 176
200 331 873 495
667 800 700 808
413 402 852 921
604 937 649 995
630 222 653 390
623 553 807 880
431 15 648 268
441 958 813 969
667 261 919 308
742 306 883 313
99 645 889 825
660 229 705 350
224 430 473 554
746 244 940 507
672 889 678 918
397 372 725 812
954 172 994 278
579 555 833 701
491 614 948 732
632 165 852 811
428 9 863 455
472 360 988 582
790 292 904 671
85 594 907 785
750 977 948 988
916 846 976 992
993 644 999 824
123 812 913 876
96 650 348 834
68 405 76 854
737 733 788 874
627 13 774 298
641 184 886 251
252 48 776 703
978 585 993 738
259 228 710 249
565 425 587 660
248 449 765 758
858 358 928 630
511 219 950 748
665 893 771 904
676 697 916 949
283 905 926 909
59 839 416 885
718 357 794 596
32 425 989 640
727 363 776 611
386 1 472 449
363 612 383 961
541 747 909 771
86 411 385 755
727 557 905 862
632 780 852 945
949 932 1000 940
142 492 358 625
717 503 814 615
899 763 968 857
478 919 956 996
281 374 908 549
395 784 593 896
891 203 908 413
640 476 955 884
419 757 639 786
571 634 916 925
643 283 652 764
863 910 943 933
464 900 643 902
807 276 862 927
93 325 541 893
138 327 594 593
706 326 724 995
613 995 883 999
772 508 979 668
695 898 964 899
299 75 404 245
501 521 644 919
140 348 287 469
716 447 975 934
264 158 829 431
795 869 888 883
728 876 878 995
364 888 604 961
119 800 248 946
731 46 994 239
352 47 603 334
312 378 481 881
32 154 757 527
375 873 838 967
30 527 833 670
886 249 886 545
813 429 841 689
218 365 755 998
725 252 983 380
964 562 980 840
124 555 738 849
292 255 734 616
3 23 340 354
137 535 326 682
889 9 956 663
883 877 972 993
77 402 946 657
774 56 990 555
912 267 985 597
206 356 541 520
172 927 279 958
851 402 883 801
605 354 959 986
6 678 681 832
342 402 847 603
304 366 476 598
287 830 855 972
109 224 441 472
409 780 778 884
814 247 857 270
280 331 800 627
117 365 981 667
230 524 268 823
668 201 922 365
318 208 828 849
451 416 579 736
34 946 320 954
389 84 573 144
137 126 447 558
91 114 917 305
126 370 956 819
462 976 535 996
124 921 521 981
141 516 774 636
582 936 867 972
50 804 140 996
288 848 433 864
540 545 953 869
785 864 895 965
150 18 913 946
500 101 582 758
618 974 697 983
304 783 904 924
140 730 326 802
691 139 975 311
774 249 805 976
387 470 395 582
498 288 941 503
12 738 497 880
685 946 813 989
550 95 917 593
488 823 594 902
905 218 997 699
350 557 381 940
963 352 995 718
863 190 992 677
134 705 568 984
171 619 569 950
839 432 874 493
630 797 705 993
615 466 798 633
65 722 746 898
650 340 927 959
472 23 972 307
129 470 145 595
556 660 649 928
951 497 998 812
312 326 634 448
851 973 885 977
403 413 743 827
455 434 555 629
436 919 883 959
939 282 992 896
612 746 746 888
517 301 907 706
394 842 937 947
456 33 508 386
831 291 867 679
50 896 694 898
47 12 277 174
281 136 857 557
743 373 905 547
285 691 475 864
981 517 991 783
529 175 821 539
966 602 970 912
762 911 988 962
124 783 494 931
395 63 792 643
602 530 632 710
120 129 771 452
891 56 969 758
256 859 768 976
479 181 587 972
222 592 801 654
529 833 778 990
365 175 683 836
191 653 788 996
582 327 663 933
884 442 906 857
157 339 550 763
119 25 941 102
878 412 918 564
452 112 496 987
433 240 758 253
396 336 898 500
981 610 994 989
802 885 806 893
401 794 643 818
130 334 318 862
208 862 267 936
652 857 887 873
91 987 627 992
648 114 942 523
390 973 857 979
268 758 482 825
282 251 933 334
906 439 988 440
871 990 971 997
236 35 776 620
708 997 782 999
822 658 969 698
947 142 981 241
147 348 586 951
205 194 269 644
671 298 938 908
736 205 955 866
783 352 984 679
16 275 145 425
12 47 934 808
919 491 971 776
973 570 990 996
758 38 941 678
631 992 836 992
620 469 809 604
542 820 879 823
891 845 993 971
683 222 985 898
1 595 988 676
990 915 990 997
29 638 770 696
103 734 422 789
695 607 728 677
554 944 647 999
854 215 898 834
400 974 669 987
37 118 481 765
889 7 900 264
968 616 987 721
13 997 362 1000
562 307 965 387
169 707 282 973
25 299 344 625
60 42 621 457
967 307 967 382
629 359 975 397
803 829 861 977
388 964 636 979
103 882 868 942
274 561 403 832
59 796 469 978
301 959 547 976
366 359 719 671
761 387 827 731
197 293 987 451
219 796 725 961
785 826 952 988
980 780 981 832
97 567 156 750
228 359 626 466
543 598 589 888
194 588 697 867
410 323 472 925
334 77 919 641
578 913 644 954
425 642 427 876
946 348 1000 573
546 898 658 941
879 297 924 505
861 127 884 375
214 762 498 832
620 311 820 420
305 490 810 782
26 386 981 776
345 778 792 943
927 19 983 23
43 377 601 630
259 244 405 991
737 406 954 783
676 484 950 936
704 598 873 722
442 625 715 783
98 178 554 684
13 990 721 992
582 260 787 702
281 350 794 637
658 885 796 996
209 938 708 994
984 972 1000 982
139 556 882 928
459 918 968 989
241 752 337 768
688 716 737 782
976 279 991 526
678 862 836 900
448 485 870 683
541 805 790 959
694 389 764 624
769 138 997 779
579 628 597 987
530 453 791 908
351 26 785 815
221 226 325 797
963 446 974 448
234 787 490 969
595 880 711 953
180 848 605 943
98 647 391 963
516 572 686 664
462 247 819 734
776 827 804 831
374 394 986 632
53 668 367 841
326 594 569 600
347 526 627 597
611 345 957 666
488 1000 936 444
45 372 325 626
250 283 987 551
369 3 859 350
597 237 670 633
104 620 202 961
791 200 924 787
736 691 739 769
16 574 339 799
912 811 984 998
920 336 953 492
8 589 630 938
753 38 838 951
493 546 763 920
897 161 961 238
56 361 124 815
641 845 912 903
952 482 968 855
221 857 612 938
795 525 836 558
465 595 732 839
721 107 964 455
394 501 571 804
290 940 766 944
875 985 972 990
665 102 974 523
649 968 753 989
15 550 154 805
304 577 577 747
951 38 976 294
849 44 996 233
535 265 814 352
363 457 845 787
184 706 422 990
434 338 451 599
165 994 488 997
259 647 519 922
726 290 909 849
714 19 975 431
59 706 238 939
654 483 736 663
459 589 837 841
802 206 903 301
824 630 870 880
82 190 157 666
550 918 969 957
742 894 914 929
113 638 877 833
704 818 898 820
447 121 492 989
573 567 850 897
626 458 816 719
801 679 924 711
102 119 533 195
447 920 932 957
837 238 904 725
147 169 716 437
111 468 638 871
994 612 999 758
787 77 971 440
996 557 996 810
235 333 693 495
134 568 182 841
212 57 636 863
474 116 875 184
920 443 965 938
497 934 545 961
264 847 992 889
315 832 713 929
333 949 641 972
294 410 632 525
620 339 960 810
842 664 968 837
474 765 598 889
150 801 929 816
196 137 274 584
695 36 717 992
549 882 786 936
613 609 654 672
378 506 988 683
417 83 954 705
79 818 244 898
136 754 291 786
627 46 744 949
279 338 999 595
914 954 916 956
866 880 970 977
625 320 840 923
999 920 999 966
10 166 929 816
633 124 885 199
788 963 968 1000
941 838 957 867
381 167 802 671
279 628 320 865
68 685 467 985
579 664 895 686
248 32 529 241
345 360 718 466
983 413 989 719
119 537 541 828
609 836 897 981
315 333 819 385
827 431 920 779
117 211 152 349
945 11 980 318
503 346 783 616
272 553 859 984
889 195 949 759
242 655 892 915
741 140 811 925
27 43 522 916
692 801 852 952
182 606 467 985
489 173 590 302
630 657 797 831
471 283 922 321
847 702 965 847
901 325 920 739
172 591 703 596
320 613 592 625
964 162 967 318
947 437 1000 585
794 327 813 392
362 136 999 931
130 908 222 913
977 266 995 526
440 376 650 716
361 10 420 75
209 18 956 420
62 478 917 718
375 108 635 967
336 773 549 967
830 381 992 624
708 266 798 660
29 109 621 109
213 859 798 954
29 378 671 997
676 465 913 951
718 902 858 944
997 787 997 948
511 136 718 163
572 298 756 845
440 986 661 999
816 278 966 587
207 627 375 746
732 635 831 683
377 762 924 826
720 154 966 401
349 616 350 902
979 198 986 963
860 441 901 625
155 939 786 980
499 70 784 319
616 393 758 820
260 702 840 968
108 242 642 760
239 282 980 949
642 403 845 778
670 725 915 772
385 23 555 313
203 691 562 883
823 540 881 990
12 683 337 973
181 130 537 682
91 138 106 247
335 918 884 933
572 617 640 775
582 799 922 819
953 435 976 801
489 388 851 461
803 579 875 831
96 874 734 946
207 74 501 856
884 639 932 778
587 96 834 674
719 322 760 728
519 197 668 247
619 167 714 388
825 668 941 952
715 508 823 595
40 874 830 930
82 153 658 162
137 741 363 808
159 133 991 231
846 779 938 927
167 954 452 976
505 801 853 943
14 209 374 841
699 924 851 948
970 700 999 997
220 27 831 897
386 515 402 614
692 723 933 897
480 34 817 362
1000 957 128 960
175 608 658 641
442 371 759 981
961 8 980 406
768 869 808 897
214 697 366 839
326 552 635 639
161 118 776 674
887 97 936 479
614 717 625 857
902 647 928 699
244 601 581 967
169 470 490 808
129 387 140 983
442 299 682 716
742 119 756 611
594 238 791 550
68 304 421 498
586 173 716 502
79 74 459 340
419 823 921 892
545 706 824 951
896 148 952 295
223 903 440 992
532 985 677 987
640 763 664 886
301 641 551 824
952 417 980 584
821 853 918 979
120 312 968 352
993 256 1000 709
866 914 871 935
869 36 875 629
730 700 755 980
411 386 756 692
831 281 896 882
855 734 957 988
509 320 942 685
662 451 807 827
160 381 704 598
229 452 246 822
9 380 639 417
405 125 509 477
717 515 823 914
75 180 951 735
868 873 922 880
875 555 900 619
349 244 939 691
321 143 816 663
397 602 741 684
557 564 985 957
101 746 426 784
832 825 983 966
267 330 343 433
722 789 911 846
700 362 788 424
196 307 323 408
221 496 821 854
709 571 988 742
246 940 772 940
357 326 625 585
948 554 958 781
719 730 727 773
139 94 151 232
952 990 999 992
975 98 984 961
476 789 882 952
839 780 971 893
148 277 648 786
865 247 922 281
176 588 619 643
876 559 890 934
116 936 968 945
238 173 242 820
911 946 919 960
553 68 805 701
372 920 916 990
3 699 129 868
543 775 772 851
138 435 397 494
338 478 697 748
442 144 519 308
634 167 992 877
356 695 834 744
965 830 983 883
392 139 737 820
50 883 433 994
891 414 959 809
194 751 642 803
919 776 945 877
108 400 694 924
566 596 843 966
782 219 802 648
985 672 999 870
876 43 907 529
894 329 912 367
700 150 944 289
574 943 789 944
777 684 971 906
689 846 837 994
406 438 430 873
230 149 415 548
573 946 995 964
345 448 409 498
427 89 970 396
885 288 958 802
278 98 821 959
92 44 779 80
671 468 746 845
901 922 944 950
397 473 415 508
454 357 756 668
578 223 910 986
508 213 517 729
970 579 979 828
268 379 620 547
651 885 822 948
831 979 842 992
819 569 867 851
713 988 842 989
935 672 952 746
579 718 704 863
756 768 989 803
127 565 594 955
393 499 449 613
788 656 926 718
668 740 973 779
771 437 780 653
497 319 862 964
144 898 671 982
705 139 830 975
220 467 490 619
169 837 744 862
287 635 783 744
798 33 980 446
641 157 943 233
489 757 518 877
904 51 919 131
479 183 969 320
196 272 642 310
20 410 302 821
244 149 368 790
401 947 413 961
469 107 602 313
181 860 821 941
447 88 806 709
164 213 407 966
591 669 727 887
489 720 543 779
226 322 789 905
789 389 826 876
978 336 996 721
546 180 803 790
191 197 593 767
146 96 569 445
315 716 986 978
883 848 969 899
968 112 989 272
547 982 648 991
97 95 903 875
384 955 668 968
282 620 712 877
462 449 718 989
205 124 285 614
941 497 954 692
979 397 979 413
415 925 648 966
281 493 974 844
59 442 800 939
664 322 942 460
163 269 730 565
936 251 970 297
363 422 760 929
56 915 782 932
968 435 972 786
821 468 831 586
505 283 951 774
351 606 376 953
996 201 999 430
357 969 894 990
461 209 731 218
619 903 750 969
411 294 588 518
928 811 930 991
651 772 898 816
650 25 690 85
851 944 897 997
549 71 696 979
863 705 875 775
958 839 969 935
243 679 398 974
85 837 819 971
640 973 902 982
310 471 848 518
879 480 957 780
420 248 818 303
214 221 411 267
347 101 450 515
850 354 854 726
955 513 994 784
454 906 850 958
320 357 702 793
838 163 989 536
649 132 994 553
70 55 859 155
839 679 956 991
584 251 630 413
589 360 597 597
59 742 719 771
101 34 701 937
655 86 719 273
789 371 979 524
185 694 953 921
898 485 942 994
491 270 918 669
102 212 337 438
978 289 982 775
876 359 883 595
869 249 938 385
737 108 980 696
155 643 637 931
145 874 214 914
140 828 691 922
640 732 845 993
232 208 794 618
369 875 694 915
774 285 969 534
495 495 571 852
154 462 362 904
922 151 969 916
54 89 253 679
516 740 535 998
101 407 171 724
44 818 50 914
859 208 976 847
610 308 635 935
210 182 287 265
678 106 736 896
906 259 908 286
877 804 882 812
219 144 811 789
123 995 878 1000
53 873 663 955
676 438 931 914
362 413 390 522
628 558 809 911
800 724 831 796
152 266 568 307
381 862 484 910
893 770 940 854
189 788 208 910
516 808 680 959
526 348 898 439
551 646 853 745
502 228 547 782
35 436 260 605
815 336 881 866
256 608 552 679
232 287 853 910
869 841 929 996
515 208 823 543
29 668 266 923
988 111 990 374
248 597 616 793
707 43 966 642
864 352 903 642
990 340 994 489
929 306 959 592
715 902 982 973
286 402 567 841
741 862 839 934
661 448 825 880
730 138 804 649
203 64 537 769
855 777 945 855
900 635 916 992
296 105 368 575
782 443 978 807
153 645 532 884
434 400 978 590
961 318 999 412
926 680 981 864
810 602 861 677
959 428 988 624
62 968 594 982
32 839 667 951
240 629 808 833
538 98 861 591
109 215 937 665
817 756 919 963
295 192 995 922
978 677 996 759
79 200 193 885
845 949 933 989
608 774 792 949
777 777 865 981
382 129 505 756
211 732 369 858
915 98 976 929
980 916 982 984
111 25 198 397
556 491 756 995
513 862 708 918
212 74 380 590
558 81 783 709
36 813 888 968
126 753 679 821
240 952 714 958
718 641 951 854
728 599 841 729
562 895 762 904
823 594 839 935
285 177 892 372
130 167 321 610
560 96 914 448
114 767 722 770
344 817 897 993
145 180 853 732
63 536 253 961
896 975 979 980
146 213 513 521
251 621 713 964
788 16 984 888
562 867 655 910
615 849 671 855
244 933 815 940
299 129 742 136
600 692 839 931
401 204 617 965
719 242 881 634
109 430 336 457
140 282 995 698
996 18 999 610
293 518 754 795
576 978 964 989
276 3 986 70
583 813 875 974
379 77 753 912
365 135 833 544
831 329 916 452
727 738 947 904
867 422 945 567
523 939 525 944
342 807 746 948
619 467 870 862
239 688 345 751
96 520 568 744
540 360 981 899
366 782 841 838
561 94 958 499
91 430 563 898
391 444 537 627
115 777 718 978
38 590 457 811
405 839 490 975
53 576 286 682
964 555 977 766
816 154 887 392
280 599 864 787
226 763 280 932
486 228 707 842
929 241 936 557
762 842 983 982
815 121 834 143
819 389 912 799
395 206 916 217
282 253 363 510
561 579 827 899
26 902 521 980
766 640 924 906
889 879 947 967
210 321 561 732
410 546 720 686
131 483 822 910
748 620 857 658
333 317 493 972
746 801 764 971
50 182 205 769
235 780 273 957
371 35 612 969
93 851 806 907
438 737 567 787
553 954 707 958
480 537 579 688
671 420 727 671
552 272 686 852
367 39 506 694
849 51 933 896
604 340 746 942
213 352 671 556
984 563 995 614
806 981 939 996
666 156 724 228
495 444 702 505
159 468 699 743
972 996 997 998
660 634 810 849
935 942 962 1000
829 961 996 970
626 301 982 360
968 931 1000 949
545 287 929 791
653 816 964 951
658 149 830 836
725 908 831 968
572 752 651 869
198 793 915 939
125 884 381 965
435 258 494 823
815 323 856 645
909 750 961 949
58 577 660 639
769 49 909 272
373 638 535 838
694 981 952 987
953 377 975 700
197 689 979 840
143 974 476 996
884 903 999 947
353 388 540 798
1 317 620 699
409 712 506 981
691 142 776 578
208 979 226 983
345 495 591 576
995 946 999 961
401 6 436 696
257 88 899 196
921 350 975 726
480 857 987 984
130 970 366 993
434 649 774 738
127 836 651 905
772 389 956 454
968 956 982 986
810 922 816 999
56 471 830 937
783 898 833 912
424 264 707 954
750 865 801 967
757 776 938 888
992 970 996 982
722 688 975 830
728 214 927 243
314 974 338 998
416 71 598 899
412 73 481 120
606 414 671 723
74 576 749 608
302 25 490 907
115 561 601 598
670 544 1000 695
667 414 952 984
26 387 797 663
161 156 993 625
635 661 843 713
605 321 657 330
486 649 542 969
223 694 704 869
680 193 820 719
465 786 552 795
747 564 955 902
171 102 939 992
665 512 697 697
948 723 964 871
169 532 290 724
210 762 647 881
158 704 893 951
309 361 350 732
657 155 809 182
571 295 593 471
892 250 910 900
770 350 926 473
442 170 851 322
216 23 401 178
784 635 863 940
961 442 989 549
970 108 976 396
480 518 798 759
498 774 558 967
808 379 952 410
608 373 686 724
395 333 581 525
741 176 912 904
108 130 460 602
17 357 90 618
763 921 839 966
33 717 124 965
600 541 703 954
438 951 974 951
815 330 941 969
89 185 750 839
560 87 672 756
954 633 970 651
402 553 842 737
195 97 260 306
621 736 888 779
994 788 994 790
553 315 775 912
525 290 669 723
239 277 787 383
690 589 933 678
605 324 798 777
949 833 967 993
951 190 999 851
743 824 883 997
715 274 862 765
450 659 581 960
61 702 636 838
106 303 363 845
391 97 488 305
195 379 529 592
906 1 952 642
772 304 785 475
573 988 706 997
889 318 994 571
25 819 251 941
738 111 931 373
429 271 636 815
857 506 990 558
341 570 968 585
304 761 894 810
81 511 399 564
348 33 373 918
552 295 570 469
87 705 964 812
905 782 983 844
60 744 602 905
300 648 681 677
946 583 985 993
598 749 916 823
492 402 498 703
542 639 977 948
536 968 558 973
677 796 912 938
840 99 862 857
116 474 557 920
253 410 547 817
479 467 951 843
847 600 912 639
85 195 971 408
193 679 285 713
647 844 965 867
1000 713 205 782
727 812 969 855
446 279 832 774
291 405 626 618
420 203 816 811
489 290 499 882
642 558 713 940
431 846 604 868
430 399 731 626
94 805 104 865
779 276 841 294
563 520 876 546
485 466 870 932
779 683 919 850
848 767 881 911
807 696 904 854
312 766 412 948
386 694 710 858
327 411 683 960
426 43 909 490
334 835 370 969
318 851 966 851
613 858 667 998
93 766 747 861
493 980 498 991
274 862 452 929
969 555 987 879
76 561 754 905
184 11 799 160
532 350 726 548
444 648 974 925
236 705 403 882
994 316 994 530
34 378 142 745
330 131 858 341
50 291 117 408
632 846 982 968
647 649 815 921
116 78 643 144
873 48 977 361
484 774 495 989
573 148 911 334
40 339 345 801
701 550 768 658
259 455 981 919
858 104 866 581
520 227 649 686
138 458 897 690
113 410 885 475
160 9 643 968
425 758 911 769
349 482 816 904
62 826 529 866
853 85 945 592
30 770 343 844
320 809 752 965
492 332 822 925
617 925 956 938
391 36 656 887
87 263 937 571
184 948 366 964
159 564 517 808
4 324 832 797
692 576 728 802
595 14 953 370
937 376 979 624
993 637 998 870
578 394 907 577
546 684 802 828
653 566 822 575
176 830 860 840
433 771 756 820
672 537 705 877
214 359 311 872
832 374 865 421
356 607 927 807
732 204 844 433
896 297 991 344
147 231 597 362
529 821 952 892
658 402 800 821
910 185 954 447
337 87 827 836
318 190 913 795
238 714 899 997
74 627 978 806
958 350 980 788
400 480 778 766
834 370 942 442
175 187 292 339
479 455 883 909
970 617 976 912
704 75 968 204
469 285 770 319
574 432 837 487
46 671 389 731
852 798 913 929
630 4 716 742
647 385 732 419
549 148 953 705
526 597 894 608
130 7 551 970
937 537 937 724
583 30 980 475
903 336 918 863
26 797 571 892
190 455 300 470
214 881 592 980
324 977 781 979
97 602 522 898
540 173 754 802
177 307 768 458
700 65 978 634
3 991 489 993
183 905 230 939
743 946 846 965
203 676 972 773
737 493 743 877
430 192 832 248
664 150 959 904
925 788 999 790
963 676 990 677
362 130 928 444
571 420 608 644
752 389 870 556
797 689 945 766
303 793 581 816
348 467 770 995
753 663 833 940
581 814 933 853
402 835 697 892
296 791 407 969
167 167 465 857
233 588 960 735
220 290 748 499
809 408 881 611
233 333 276 617
589 412 984 683
665 750 867 822
519 716 526 720
341 801 400 831
610 148 692 724
781 206 856 970
783 524 853 654
318 555 753 657
149 375 336 541
368 196 426 690
551 558 855 917
590 212 975 372
637 851 756 999
513 185 857 991
327 565 638 724
952 602 967 796
206 504 215 920
106 361 705 744
995 408 996 720
681 829 877 853
65 842 375 936
736 82 951 660
439 311 574 659
156 836 993 998
319 314 482 427
910 970 942 974
519 674 524 860
289 713 848 880
522 756 823 882
8 593 597 666
766 601 787 686
130 290 691 509
4 446 348 560
627 520 919 916
396 957 428 958
383 101 731 739
958 660 958 755
385 467 695 877
27 685 41 800
684 887 797 909
790 11 981 124
870 209 898 676
549 464 639 720
353 867 965 988
416 136 791 180
521 693 923 913
423 761 544 966
311 782 617 789
855 255 909 579
854 364 890 463
123 343 981 606
265 638 283 686
62 838 647 884
824 250 907 826
20 450 90 839
443 262 553 881
644 998 990 998
275 39 970 752
971 680 986 743
226 469 696 936
434 980 712 982
531 800 891 873
165 146 682 470
562 135 754 522
467 258 996 540
84 329 998 586
167 721 214 899
828 321 926 568
970 146 994 889
284 842 840 985
802 862 987 977
687 451 978 630
179 217 943 966
636 127 767 310
97 454 504 991
860 967 945 975
374 843 399 891
542 78 592 705
718 974 767 984
773 921 846 928
935 871 948 929
917 413 958 768
57 956 394 984
349 877 873 893
886 969 946 996
615 947 790 953
496 257 519 756
694 814 966 888
703 20 864 105
232 680 837 845
641 656 914 805
904 370 933 621
195 693 275 876
640 899 866 935
719 434 986 870
864 349 878 609
159 552 194 575
283 189 795 337
693 495 740 781
286 436 321 867
54 142 550 490
456 158 646 179
777 633 1000 966
665 419 693 500
512 335 959 569
674 733 944 853
73 172 154 527
331 648 957 682
226 705 933 984
265 634 986 774
792 296 940 855
900 678 916 988
33 642 734 766
13 986 72 987
361 697 366 773
583 951 879 976
774 247 864 496
687 632 894 782
875 833 889 875
799 320 989 571
745 434 778 822
357 108 425 147
408 359 972 847
417 636 630 806
575 107 871 498
747 661 852 770
426 595 516 916
618 792 629 911
30 656 882 946
211 555 261 815
969 561 975 855
769 216 855 365
170 413 562 917
819 576 849 864
980 760 996 763
247 106 947 218
287 375 532 840
842 652 966 902
743 15 813 586
189 801 293 828
778 154 824 700
832 16 986 866
866 324 970 871
429 888 824 991
734 700 783 999
358 178 872 768
580 287 702 918
235 962 874 998
229 55 821 969
486 374 686 522
607 481 866 610
536 733 687 879
235 945 843 972
220 756 794 824
342 633 365 654
375 669 456 938
910 527 919 892
231 513 241 845
624 927 889 942
965 61 968 248
477 808 774 876
817 971 982 987
695 192 889 783
329 899 757 904
108 155 731 839
257 793 955 902
60 937 194 996
419 15 608 787
920 681 931 960
80 454 703 779
857 913 946 940
4 923 42 966
291 748 880 964
417 882 419 942
815 65 898 786
889 341 949 903
263 840 307 910
352 593 705 934
436 746 752 922
142 488 265 748
63 84 530 897
624 62 764 625
431 503 806 684
412 487 487 678
578 541 760 649
945 71 954 151
162 457 351 760
46 939 348 952
655 656 872 740
756 45 959 800
816 832 955 930
613 785 854 847
62 178 90 657
85 632 550 965
490 191 772 553
153 351 971 840
873 671 896 737
487 531 816 697
652 8 951 222
645 684 965 854
349 36 910 482
981 20 990 973
138 214 558 473
171 284 679 690
921 545 966 776
665 119 972 723
623 231 683 605
869 991 925 998
27 718 739 775
996 180 1000 693
642 781 721 858
784 157 992 895
419 105 911 320
220 924 414 989
139 261 641 843
868 303 955 540
596 323 927 408
349 521 592 869
925 651 935 729
949 939 979 971
488 863 858 922
559 458 928 526
849 941 903 977
918 679 934 927
645 87 805 604
652 647 1000 848
289 834 861 992
225 798 347 806
216 689 630 805
610 871 832 975
949 208 954 482
304 509 987 978
722 395 810 857
736 26 814 866
806 672 948 712
349 894 353 986
17 456 459 620
772 806 879 846
739 46 743 165
7 994 67 995
40 246 520 285
250 198 325 330
859 118 914 749
49 630 922 894
653 113 753 295
64 466 197 533
298 829 505 832
826 726 887 904
176 193 204 326
363 388 492 610
324 300 432 388
452 257 458 402
819 364 982 954
473 901 509 956
953 435 974 823
456 574 802 954
852 361 856 968
689 727 884 802
872 621 971 963
746 982 748 993
268 394 459 425
207 262 340 494
609 897 739 920
487 645 993 901
329 736 873 866
582 134 762 743
293 94 904 543
26 477 882 991
223 765 275 932
813 549 925 659
383 865 416 993
733 208 860 849
321 52 477 100
686 763 889 1000
731 318 906 900
884 490 955 682
798 116 910 845
310 145 487 850
158 260 245 280
880 719 948 802
728 6 920 559
260 719 416 767
621 61 700 69
704 957 761 986
992 894 994 994
331 140 952 308
891 731 947 933
654 303 687 700
184 480 286 663
848 378 930 766
663 710 978 924
811 109 984 937
703 304 933 607
145 837 256 873
928 12 978 497
100 429 727 467
548 40 720 397
660 248 905 694
892 646 923 969
12 379 851 463
71 739 111 852
747 346 972 548
887 990 951 997
200 890 420 916
208 881 371 997
249 127 686 266
79 132 925 152
352 147 551 926
203 717 963 968
478 765 899 787
220 831 786 999
572 726 656 936
640 173 964 948
187 164 274 276
184 336 537 762
807 648 875 801
94 459 579 845
906 533 989 593
958 169 984 338
189 428 403 709
867 731 925 927
494 582 755 976
711 981 846 981
311 199 881 621
978 586 986 815
489 567 565 728
669 994 705 994
321 332 998 775
389 60 960 662
706 536 731 741
191 769 876 841
183 327 677 683
242 901 446 949
622 990 963 996
380 48 414 80
612 863 676 985
498 506 989 513
197 655 916 782
524 604 757 681
566 477 668 817
544 408 565 971
112 119 322 907
577 859 622 928
77 812 647 904
837 484 948 990
727 125 747 443
887 876 933 947
732 146 983 809
743 933 932 962
666 296 772 373
750 876 825 982
516 195 752 883
330 687 841 732
477 400 956 510
598 670 622 953
493 755 771 773
122 654 800 828
522 137 826 652
627 551 916 948
911 630 966 804
865 507 869 643
236 418 394 904
307 247 631 668
104 482 840 513
380 368 781 994
88 602 255 654
645 39 957 616
105 191 115 627
238 950 420 957
556 3 573 309
535 294 666 826
474 655 912 864
489 448 860 746
624 888 847 906
896 130 896 338
733 729 918 809
999 130 1000 207
593 783 985 825
304 986 963 990
883 829 957 875
878 298 987 408
528 376 828 712
536 985 607 987
57 491 646 619
876 541 984 801
769 718 934 738
730 916 755 962
235 242 580 397
569 230 818 807
514 603 912 828
405 252 782 750
879 580 998 727
938 508 993 832
329 530 892 640
355 98 493 651
106 433 825 767
391 576 526 890
485 448 700 574
964 237 969 384
938 444 957 829
751 175 998 488
97 638 343 708
672 989 839 989
581 62 750 608
385 326 474 658
765 839 794 963
641 798 661 835
5 688 35 946
711 443 850 462
999 354 1000 365
998 613 999 926
262 204 558 270
319 210 433 467
928 959 934 960
13 487 361 962
621 179 746 300
23 805 514 990
745 808 801 868
97 959 467 974
799 176 855 423
866 46 894 236
84 129 536 505
872 34 916 1000
943 358 971 760
882 856 942 896
407 874 632 917
792 793 823 843
825 515 950 832
228 577 383 721
69 519 143 910
966 130 999 601
416 107 565 501
815 695 931 887
986 599 996 665
834 156 967 244
200 55 890 589
602 489 665 630
444 763 594 961
869 670 879 951
861 567 961 694
666 870 935 886
597 812 628 966
112 926 683 962
235 312 837 407
144 70 417 627
937 248 944 665
491 302 549 665
482 709 990 801
791 849 921 953
181 153 357 534
397 659 804 763
332 458 616 916
720 667 874 930
788 6 884 612
537 418 729 693
488 902 521 997
891 503 983 980
107 924 580 995
568 87 987 210
619 8 959 653
968 742 973 784
204 939 574 964
739 932 834 998
777 595 929 723
654 156 742 967
854 728 860 979
703 375 910 914
802 804 809 966
993 102 994 958
635 854 782 993
926 870 983 963
462 834 627 951
608 459 740 892
285 12 813 335
343 80 812 869
156 588 959 917
695 855 888 939
335 692 530 857
561 204 943 976
734 923 790 934
929 742 941 991
533 891 804 951
139 89 360 153
917 189 929 665
173 782 227 850
225 156 775 830
140 303 362 716
220 62 970 437
916 348 942 559
596 578 826 613
390 742 849 971
309 728 468 818
585 498 940 675
809 799 936 850
292 958 561 972
605 416 721 581
620 439 893 773
952 615 993 712
410 617 502 826
990 633 996 971
548 802 584 932
310 240 490 670
876 694 915 886
798 247 846 648
150 414 746 527
481 374 727 455
727 819 734 893
971 916 993 933
273 492 286 517
908 164 989 211
918 647 972 769
670 868 735 925
134 879 774 922
39 20 991 180
264 748 369 944
516 300 909 566
512 866 800 901
996 404 999 559
342 18 695 575
583 61 699 221
837 128 986 886
620 373 967 985
170 775 269 818
953 585 958 896
300 50 472 190
951 909 965 976
197 316 780 707
784 541 968 588
406 171 764 956
828 33 840 444
926 221 969 537
318 532 631 547
230 162 305 394
511 239 913 393
906 606 906 733
176 351 931 393
518 813 809 943
129 968 988 995
704 963 733 979
337 40 994 371
381 428 479 437
199 677 807 983
928 739 975 741
636 479 877 652
218 648 572 759
989 544 998 867
897 176 976 762
656 580 943 824
120 606 369 892
380 694 452 838
37 322 701 404
383 991 781 998
50 437 997 710
275 470 962 933
514 558 766 694
579 232 912 688
465 852 697 952
532 737 647 799
86 516 431 551
503 772 827 802
492 595 875 747
373 86 625 928
974 828 976 910
285 5 906 350
221 337 982 516
297 727 345 781
891 741 916 884
216 587 858 675
284 125 617 332
390 362 974 693
236 888 461 933
88 640 170 675
318 694 777 784
896 352 905 940
522 366 861 845
663 95 756 415
215 376 225 635
133 75 531 692
5 759 913 1000
566 787 572 800
397 376 591 568
917 53 958 168
568 80 931 328
417 813 450 903
841 661 921 736
872 599 892 930
806 541 822 773
830 637 885 808
533 225 776 844
214 858 706 994
712 211 920 907
902 519 961 917
394 380 812 735
813 628 940 905
887 204 936 808
815 822 844 878
714 688 775 741
30 1000 617 376
294 933 840 970
614 220 838 283
998 173 1000 842
627 128 753 841
53 387 415 800
816 812 890 920
994 138 998 707
304 665 795 994
862 184 899 552
780 487 886 905
300 9 737 77
633 277 652 812
729 218 766 651
948 2 961 700
155 42 859 436
524 137 547 943
993 153 996 685
331 253 619 610
214 244 436 430
345 950 754 971
603 527 917 755
537 784 824 945
539 169 753 459
561 723 852 809
354 381 859 940
867 515 917 652
662 433 801 590
329 371 797 752
65 311 816 671
85 187 674 589
65 312 845 502
883 942 904 950
604 193 691 410
610 633 760 665
162 644 596 655
195 703 195 888
228 992 605 1000
771 825 940 931
931 376 934 975
499 831 637 948
374 370 519 482
62 26 166 668
718 56 911 932
948 972 951 973
417 686 994 897
789 509 867 925
256 596 642 692
252 425 567 488
675 19 977 858
748 421 762 447
555 560 961 971
665 278 943 791
204 560 816 662
327 448 353 610
139 202 735 490
659 487 908 526
799 120 951 562
594 2 827 859
765 691 910 942
854 603 896 877
8 511 829 668
968 851 998 878
741 260 797 806
861 243 983 656
22 241 897 339
491 205 653 376
842 1 971 404
477 12 608 766
511 568 848 596
992 189 1000 941
2 374 639 642
889 936 998 936
400 935 840 949
458 552 482 612
45 100 894 801
745 77 846 642
98 104 584 164
94 161 891 745
330 998 528 999
802 958 929 988
269 995 733 998
624 576 816 818
164 282 974 419
910 979 958 992
976 439 978 916
279 795 414 873
975 586 983 702
821 922 970 998
310 624 482 775
849 286 895 668
407 314 683 568
994 664 999 835
514 246 622 977
997 414 1000 516
831 631 969 752
910 171 932 728
696 664 906 711
769 255 777 668
976 420 990 444
779 537 838 676
774 380 983 818
637 866 993 941
758 144 943 845
798 91 915 585
279 184 377 507
117 599 330 895
890 634 925 678
29 796 233 841
887 692 938 887
460 878 912 957
227 536 817 720
414 83 718 554
718 529 996 804
695 546 998 874
42 480 736 640
943 463 973 494
10 884 67 918
611 804 779 878
413 238 927 443
9 440 744 891
647 830 942 956
214 772 919 984
423 149 838 504
424 669 813 980
277 659 485 826
444 24 571 877
748 736 847 775
431 872 457 914
100 963 115 963
274 233 963 433
13 663 809 924
42 969 99 980
2 100 583 129
561 510 630 609
941 719 985 940
133 820 244 914
674 329 747 367
262 603 525 829
620 970 751 995
932 4 988 516
823 901 990 910
427 777 738 797
357 551 357 566
126 482 436 844
755 673 908 963
221 428 737 643
478 450 746 925
528 1000 790 890
766 231 901 714
92 493 207 690
787 79 856 430
268 574 468 713
326 543 765 585
249 229 741 264
404 164 511 428
267 662 395 864
809 247 944 328
394 165 641 633
856 69 865 653
75 577 919 729
818 87 860 357
294 558 934 993
52 91 806 979
50 569 515 760
961 117 981 157
804 319 974 976
79 422 612 546
700 675 826 696
364 421 608 670
227 981 847 995
788 670 937 753
883 32 988 618
19 985 387 994
569 445 832 714
900 620 947 739
943 346 961 781
333 146 609 882
569 558 706 701
317 192 485 450
917 618 995 667
485 251 566 351
791 683 824 869
611 499 989 783
983 312 992 630
183 539 980 625
474 847 858 848
656 556 978 569
139 534 556 851
689 916 849 944
653 918 969 973
751 710 962 883
85 175 243 526
101 597 173 843
348 387 450 869
775 984 799 992
610 275 964 754
256 836 604 865
335 640 873 690
807 140 819 764
972 667 976 714
754 208 861 861
646 661 667 977
588 584 829 776
426 38 797 398
344 849 670 977
619 391 668 451
428 228 704 376
9 492 22 662
785 477 943 821
979 978 979 983
74 728 225 896
357 82 813 167
385 503 387 710
922 941 991 949
897 20 993 665
708 759 870 800
450 220 709 580
980 959 992 994
227 716 923 895
91 362 608 574
337 966 783 970
79 314 969 670
953 230 963 794
187 179 857 724
164 820 668 955
159 934 445 986
953 767 980 903
5 673 63 686
370 89 508 636
435 739 480 839
171 347 366 570
458 417 685 919
214 426 853 662
972 455 979 534
154 931 447 997
230 463 731 796
201 138 563 780
62 692 871 780
536 407 913 656
138 758 983 987
375 980 651 991
816 731 850 765
456 969 756 975
906 44 996 987
915 432 951 784
140 964 356 993
346 356 703 514
761 195 925 483
844 917 974 938
203 39 436 304
578 142 661 441
212 917 283 958
582 915 754 989
767 519 827 803
50 647 658 698
558 814 794 818
432 984 846 991
776 965 906 970
352 440 381 469
243 976 807 997
443 565 835 674
264 808 839 941
725 776 785 959
90 626 528 678
146 197 361 846
728 536 918 625
593 738 886 867
779 90 815 805
78 267 147 654
625 688 856 960
231 405 808 470
468 577 750 845
372 251 854 583
541 638 988 638
578 750 685 876
905 281 962 392
249 728 844 947
673 67 901 782
418 5 938 430
574 251 857 570
843 403 946 421
520 651 593 654
144 224 973 638
19 156 759 797
361 977 926 979
790 257 892 277
282 283 409 889
464 123 786 373
764 579 950 670
54 787 778 958
578 372 682 874
443 906 679 948
968 227 980 374
306 373 565 726
44 999 441 1000
845 223 901 954
665 240 801 425
383 525 826 711
687 51 878 827
227 397 745 579
770 945 815 955
36 441 576 898
242 414 331 678
847 892 887 898
660 510 751 920
444 763 856 928
568 921 632 957
161 862 362 907
365 29 829 66
119 263 430 468
890 415 966 591
13 659 78 841
155 240 554 603
841 626 916 729
618 425 623 729
905 637 926 858
614 679 864 717
385 287 646 385
237 807 968 915
726 251 830 977
964 680 991 709
730 318 900 754
192 605 423 649
831 68 921 496
566 725 846 919
428 803 555 881
900 60 947 425
510 465 713 969
666 199 702 332
707 843 846 862
191 103 329 728
506 230 736 728
554 277 582 531
251 902 595 960
204 37 947 207
829 582 892 768
618 511 664 600
739 798 862 969
105 759 854 963
579 272 937 855
665 874 750 934
617 666 813 787
274 723 910 730
543 606 708 791
141 196 719 351
931 137 958 422
548 227 791 487
539 186 867 464
119 20 138 362
360 367 974 444
621 896 733 904
953 529 978 988
535 881 885 896
262 521 309 917
410 759 429 886
621 279 842 756
186 851 854 880
630 623 670 963
68 305 993 845
312 735 732 979
54 406 383 750
558 880 593 924
823 133 984 379
315 703 691 806
47 610 951 715
164 489 965 950
294 911 339 970
896 646 997 925
953 95 998 406
522 946 954 965
867 511 980 949
971 831 977 848
350 415 591 919
191 367 830 406
847 902 873 937
695 582 919 928
169 247 629 471
118 767 908 992
972 949 998 997
729 195 955 685
823 16 872 95
87 674 304 848
136 143 568 712
59 952 581 958
908 721 939 738
193 139 206 423
277 977 928 995
307 287 517 480
100 830 978 907
605 803 726 952
863 823 959 854
236 122 790 145
736 406 888 582
769 925 828 970
209 683 280 691
183 230 727 346
169 990 479 991
686 425 900 488
186 134 887 969
413 837 964 954
604 84 975 1000
23 159 479 499
85 927 541 985
872 901 875 949
589 233 991 948
941 984 986 994
332 941 815 974
870 901 938 990
654 946 690 950
717 771 746 994
531 371 779 736
271 508 626 541
771 337 841 944
23 64 661 633
802 956 914 997
484 25 997 51
352 41 848 204
533 174 860 888
394 126 643 356
499 695 931 992
868 193 983 696
59 493 828 493
195 764 980 919
682 299 799 699
412 67 592 889
17 274 716 610
173 966 957 967
140 84 718 805
43 810 97 919
686 67 856 559
267 535 857 557
619 970 745 985
846 528 995 662
39 687 417 840
634 995 866 997
48 777 431 781
569 126 851 747
532 839 779 859
593 319 802 646
519 257 976 442
597 93 925 239
630 93 642 554
1000 112 377 262
232 776 233 944
470 992 715 1000
905 106 954 679
657 917 863 971
179 432 878 805
246 25 988 263
774 518 889 848
798 739 940 987
669 666 939 727
605 861 866 972
261 964 388 978
452 755 581 857
597 212 849 334
747 291 817 689
455 294 540 343
361 332 504 968
176 990 728 998
962 578 985 730
822 441 936 704
410 307 555 868
253 536 985 621
335 870 762 998
853 252 946 760
876 697 897 707
381 470 488 527
874 532 881 811
410 837 547 906
392 662 478 718
247 172 520 445
739 496 808 913
813 146 846 537
980 412 991 908
169 523 903 936
400 439 560 809
517 182 658 589
764 501 995 953
21 731 911 953
458 282 961 331
943 73 993 781
7 811 645 979
647 7 728 501
638 737 765 786
464 885 896 1000
478 504 834 534
615 513 710 953
804 461 985 647
562 663 607 675
652 338 983 406
529 164 916 310
127 77 957 267
397 522 820 850
790 932 975 937
848 786 940 846
516 69 628 135
400 250 892 631
208 804 865 853
341 373 382 940
101 130 517 849
420 298 662 456
11 207 836 701
850 380 897 767
666 897 724 995
406 928 687 988
532 496 805 646
744 871 881 923
12 423 931 725
561 157 913 982
39 350 986 449
841 133 907 177
212 786 419 869
56 502 718 852
51 800 790 902
833 402 962 490
606 26 826 777
164 562 229 998
156 832 475 848
343 142 801 460
400 94 443 427
750 333 806 723
441 367 565 541
834 394 992 542
132 92 356 667
71 445 489 464
293 182 387 211
902 171 930 303
562 758 674 905
12 501 609 683
705 333 876 571
714 672 882 944
845 435 928 878
820 53 965 230
848 385 908 483
469 351 926 768
292 763 392 899
962 984 981 985
359 515 789 526
176 999 248 1000
685 785 848 911
209 251 727 735
435 823 441 963
150 680 494 858
450 316 542 849
204 83 482 791
745 674 964 683
735 110 986 194
269 335 980 414
435 846 722 875
11 51 749 946
845 477 961 499
162 942 802 944
651 252 951 745
823 227 885 361
151 683 309 961
7 99 607 765
488 483 619 652
742 183 903 277
971 126 981 420
896 136 988 457
356 459 646 583
824 479 917 487
730 221 896 808
903 404 996 970
686 985 857 987
865 407 920 621
752 591 814 998
820 295 987 934
542 709 900 922
614 844 983 991
31 300 810 462
529 491 934 707
513 374 985 804
374 321 798 680
404 407 760 731
636 519 797 922
137 692 275 756
243 906 330 951
932 54 997 494
481 993 812 993
201 914 370 937
577 490 931 652
561 220 870 450
917 916 946 986
238 642 674 713
682 212 792 892
899 607 970 866
833 894 973 961
496 250 950 356
904 671 919 791
287 200 694 979
493 243 698 644
880 813 913 918
367 236 591 756
532 628 957 814
494 118 992 442
401 289 882 673
151 38 523 730
121 360 209 861
670 580 832 695
967 64 970 380
70 120 798 637
644 789 832 836
434 669 629 928
899 165 950 843
756 75 940 271
967 111 990 697
587 357 827 881
589 136 695 919
945 737 955 816
996 81 999 458
935 194 950 443
317 219 994 939
385 278 855 960
126 767 838 876
863 214 939 336
898 779 898 883
951 921 977 962
706 326 751 820
988 349 990 645
725 649 862 958
8 554 365 615
538 204 994 902
988 338 1000 848
836 420 958 647
622 942 833 969
236 758 805 981
349 297 971 637
1 424 844 950
308 43 912 560
238 367 843 833
898 513 1000 949
175 828 265 887
359 912 741 990
288 147 315 947
996 249 1000 418
374 968 743 973
788 570 824 922
7 80 780 436
859 674 990 966
372 30 706 236
451 705 576 733
258 157 305 905
623 857 662 964
838 910 904 923
408 485 711 816
139 155 437 368
581 772 856 958
974 2 998 632
625 543 847 642
515 824 617 915
562 189 845 327
327 49 910 791
233 473 358 844
888 927 960 950
558 741 675 903
816 719 877 963
156 679 912 950
586 413 750 959
53 484 707 486
79 169 241 406
801 249 801 639
52 6 98 561
867 335 876 366
59 301 170 520
340 278 948 753
890 675 968 745
930 683 935 897
968 901 974 944
338 533 500 742
324 200 952 810
459 529 661 594
84 685 221 915
29 155 206 488
631 870 664 986
735 980 826 983
100 495 381 832
640 674 796 877
978 896 992 909
559 963 597 969
441 648 739 716
972 372 988 835
984 815 989 850
137 673 927 690
515 220 736 552
568 734 837 951
340 925 610 935
841 858 852 908
422 394 841 634
626 28 850 592
37 522 671 683
848 922 954 928
533 27 544 363
661 973 841 986
7 420 501 558
41 201 309 750
68 286 237 669
340 544 843 725
718 935 970 951
584 415 869 435
733 769 902 925
847 675 926 970
160 144 479 507
663 341 975 517
939 605 940 615
140 344 655 788
788 688 845 971
58 649 573 765
623 989 842 992
280 237 437 782
546 103 651 572
588 807 630 823
554 940 865 941
154 240 963 741
401 113 554 403
949 190 976 640
670 404 745 734
101 223 490 271
276 967 348 985
529 165 980 361
37 809 112 939
193 623 372 941
327 678 636 947
258 860 941 872
848 108 994 664
19 315 979 502
595 553 643 928
500 864 670 952
717 551 817 579
339 481 918 991
310 587 406 987
579 116 1000 791
950 862 996 974
133 447 906 828
563 462 576 932
398 601 515 604
268 890 713 998
309 885 890 992
441 511 747 776
448 537 597 588
350 688 861 726
955 173 984 463
937 653 994 777
355 882 415 960
50 708 666 875
90 630 998 705
156 662 791 850
93 629 408 769
380 681 888 728
140 765 563 839
783 533 998 640
776 925 878 953
246 722 819 850
488 283 621 496
64 144 797 549
851 549 862 792
794 510 830 826
731 822 838 865
895 719 981 967
492 900 749 968
144 919 793 933
375 263 737 363
99 174 733 933
363 240 963 468
601 386 897 797
863 23 882 348
703 577 915 872
177 245 268 576
515 226 666 440
780 71 790 208
713 468 800 997
496 280 672 642
564 693 792 878
6 878 294 902
509 271 750 853
366 785 944 793
81 796 415 937
256 6 719 835
311 857 334 1000
390 48 754 103
527 651 975 883
181 568 549 936
186 185 536 822
256 847 855 915
677 425 881 521
279 819 652 945
165 366 638 630
140 559 429 868
728 576 990 797
598 328 883 428
901 475 918 914
413 735 587 817
97 498 540 913
729 341 954 481
850 334 874 681
587 225 844 853
151 835 558 968
799 938 817 959
327 286 398 737
796 248 824 735
149 400 319 986
314 101 818 909
400 630 971 922
465 703 673 862
120 387 926 944
986 19 990 191
536 540 719 635
985 590 986 992
519 360 606 493
23 635 897 966
618 280 921 754
614 533 728 697
274 48 652 292
471 314 521 369
769 899 845 908
691 398 987 498
445 267 654 371
444 143 491 752
382 575 948 708
527 475 995 537
139 509 242 922
421 587 537 847
116 191 563 583
100 296 843 904
480 491 592 832
871 145 951 454
223 948 431 951
490 313 542 898
376 506 382 691
176 713 836 785
948 698 964 915
65 80 420 128
430 836 481 913
672 491 948 954
688 277 944 385
348 889 454 903
846 312 995 418
333 937 725 990
12 252 166 964
138 250 315 253
921 613 926 785
131 788 308 839
175 761 651 980
752 701 831 858
844 217 932 831
72 344 750 398
67 677 636 764
784 118 882 565
871 154 928 285
467 476 479 820
816 98 902 108
47 276 576 578
810 640 986 823
223 361 867 796
99 545 955 843
149 962 341 971
572 205 851 845
620 373 741 888
261 611 296 716
924 844 926 924
473 755 901 902
436 480 498 694
373 999 532 999
187 555 778 812
258 568 508 610
134 351 917 862
148 6 260 199
119 471 954 578
101 715 132 885
652 855 987 986
74 34 575 212
165 664 626 751
938 806 996 896
308 191 947 435
895 738 937 873
22 345 289 733
458 875 718 924
493 738 804 811
650 29 732 270
946 845 975 865
421 538 762 750
388 854 748 894
509 475 673 817
310 317 489 877
337 545 777 623
499 510 820 544
789 870 940 986
731 857 915 859
221 250 259 809
31 536 340 656
885 278 944 787
526 846 882 910
883 206 893 378
111 941 458 993
3 230 392 998
87 616 541 894
904 884 959 949
166 695 896 824
807 365 999 959
13 654 292 662
997 920 999 956
355 615 466 743
3 790 837 996
340 569 738 984
231 956 978 995
537 740 678 937
848 562 964 725
482 328 624 528
285 61 490 491
197 245 633 842
579 444 879 910
448 905 516 962
690 359 777 710
379 991 564 994
930 707 984 797
696 935 819 999
422 191 777 883
556 848 999 913
629 327 829 511
230 135 630 722
956 144 963 432
560 840 995 946
832 443 915 664
688 237 710 956
418 810 885 818
164 572 961 589
29 467 103 969
212 664 353 703
132 630 901 795
158 403 790 937
24 284 937 962
654 160 962 359
134 509 699 966
464 578 983 752
667 257 682 314
857 136 969 716
383 468 659 972
604 97 685 431
373 970 806 990
883 640 978 789
391 342 569 936
501 973 666 981
16 288 350 999
636 346 680 500
528 755 871 764
731 434 827 617
678 523 841 918
773 543 849 926
746 386 974 388
266 576 319 751
530 749 940 802
386 246 557 644
588 715 925 730
157 813 199 898
351 549 639 719
589 533 681 869
424 951 933 986
720 507 833 889
377 516 831 796
264 742 555 949
665 592 748 697
856 907 951 962
991 489 997 844
42 431 129 879
12 689 166 847
562 168 645 545
321 3 940 671
76 153 554 724
1000 118 31 398
463 782 979 828
448 329 915 533
626 874 871 932
223 971 679 996
67 613 964 950
316 295 711 813
779 262 797 910
931 852 971 975
961 487 978 831
212 895 963 910
662 199 849 856
757 39 795 114
204 539 305 832
445 499 948 666
128 577 900 837
370 765 599 828
880 147 906 272
962 239 996 864
898 274 960 769
635 226 894 759
389 882 413 970
343 228 621 429
835 494 899 844
810 902 968 988
663 633 953 671
136 819 631 972
511 253 655 960
587 493 870 811
733 817 955 844
420 266 968 452
767 1000 953 734
74 42 313 548
327 96 917 872
982 126 985 722
677 777 719 917
122 584 407 601
761 645 818 819
934 150 991 583
236 242 691 461
879 171 892 870
37 583 225 930
471 379 936 593
912 615 913 931
518 122 609 203
454 491 826 844
468 331 736 492
865 545 920 848
720 999 767 999
23 533 81 678
468 645 611 858
322 688 579 997
274 35 985 516
428 284 929 512
790 544 864 941
584 981 944 993
679 685 861 701
697 551 974 839
711 755 771 958
771 141 970 564
878 734 911 949
88 223 693 546
634 822 801 851
330 77 776 608
380 399 967 603
129 979 923 995
552 620 782 631
54 610 238 954
430 781 514 802
254 588 857 844
346 166 794 840
890 728 972 992
713 263 838 311
60 874 812 880
50 159 636 502
216 446 849 706
344 608 573 718
9 213 40 423
137 272 507 660
33 954 854 992
413 633 499 634
126 27 490 744
161 203 684 819
254 335 838 626
512 531 696 579
692 239 994 762
491 86 582 405
183 904 677 964
14 944 155 994
853 64 900 341
126 876 280 943
220 600 667 821
30 104 638 578
90 345 497 514
450 249 886 503
841 156 843 837
256 737 467 876
98 757 940 853
476 824 943 980
707 147 882 962
77 544 877 654
742 709 771 995
324 472 489 969
934 591 964 715
803 790 933 886
571 182 797 404
422 892 577 940
88 582 410 891
603 284 834 368
510 506 540 548
859 904 955 923
296 720 432 805
931 287 939 408
939 211 986 581
90 804 428 823
210 85 604 574
959 58 961 342
329 687 759 712
899 751 984 833
338 516 548 742
781 511 850 957
713 486 984 979
234 959 728 992
139 894 545 984
382 409 790 837
30 467 131 900
181 158 988 911
532 322 888 587
938 549 946 746
473 561 479 686
171 438 602 913
271 8 538 187
126 856 535 859
552 387 754 391
540 731 762 983
538 88 944 975
294 738 941 937
735 961 807 994
342 755 1000 934
227 550 599 945
667 75 842 248
412 729 946 929
528 384 860 438
812 533 873 762
654 415 766 655
828 988 857 990
635 556 951 744
369 950 459 967
833 591 890 630
491 562 725 887
977 254 997 608
848 45 953 748
815 555 845 804
835 539 987 541
124 471 179 770
590 644 709 758
757 938 957 969
72 771 459 871
183 935 659 957
965 892 996 982
557 392 800 708
934 899 979 993
775 729 830 844
220 832 709 889
595 569 794 728
532 325 702 476
523 759 961 886
824 41 866 656
228 933 938 958
383 139 432 258
151 780 633 941
199 934 439 994
781 780 936 858
871 980 931 997
667 150 946 906
613 349 672 512
972 63 989 592
32 789 754 840
562 367 898 659
480 541 826 974
134 709 982 758
736 276 775 404
776 675 933 833
677 371 733 525
369 208 740 295
381 987 434 987
452 290 910 442
513 588 800 819
332 713 913 869
849 379 984 510
769 98 843 176
32 389 788 875
555 335 845 613
152 760 281 769
392 620 969 708
152 698 920 769
204 629 498 939
853 887 930 982
847 262 926 898
84 133 856 790
775 678 977 875
954 126 959 329
878 669 939 826
364 611 373 799
489 757 602 808
22 977 303 978
928 885 975 972
921 973 971 988
299 568 872 784
55 532 866 556
709 997 977 1000
381 402 543 700
289 818 404 838
397 175 975 913
834 980 836 985
780 216 789 560
735 377 766 485
24 209 471 235
240 313 481 855
834 410 858 629
692 873 795 996
291 2 862 758
838 115 844 692
32 187 120 702
284 946 610 959
342 182 665 752
826 583 834 892
553 293 689 879
486 60 855 983
531 477 860 997
1 453 473 800
459 624 894 770
256 23 653 992
741 811 764 821
958 10 988 382
913 636 965 930
788 764 855 829
552 342 799 477
781 561 849 629
584 408 987 454
139 529 787 787
31 575 478 778
370 456 807 915
100 412 165 920
658 385 847 435
287 71 297 144
789 641 904 667
947 942 960 983
451 35 976 296
389 416 709 463
829 984 955 988
205 924 411 965
929 481 986 705
504 526 680 564
80 925 455 994
225 126 485 497
123 99 890 645
402 622 403 723
254 110 809 188
172 642 956 903
746 685 883 737
556 357 776 678
539 691 820 779
307 966 676 986
294 790 500 860
91 207 504 473
6 689 158 943
903 950 987 969
830 190 878 475
516 801 741 888
290 592 545 933
736 842 907 980
976 121 981 163
882 594 900 675
81 657 897 883
533 316 587 977
770 651 825 721
962 334 982 572
803 119 884 700
702 2 873 759
32 831 538 940
975 345 975 673
473 22 577 60
662 59 831 74
921 375 958 751
395 748 445 829
390 265 861 483
712 401 984 917
621 234 906 517
481 296 695 953
316 494 898 821
503 13 996 191
557 753 979 990
517 292 790 949
206 11 570 450
151 877 254 934
105 319 502 700
999 168 999 392
757 876 773 909
32 335 849 559
90 337 924 541
934 24 997 829
482 41 598 349
147 815 618 873
801 942 833 949
22 999 257 1000
956 125 968 635
377 934 805 946
798 942 807 964
962 724 965 964
766 75 990 674
367 319 792 781
824 817 988 840
664 95 858 224
558 234 844 272
791 253 996 391
931 157 934 189
645 763 892 882
304 761 465 871
220 248 649 920
122 448 150 992
885 742 919 984
156 933 531 940
131 345 524 848
664 170 966 277
698 537 728 597
721 234 771 912
271 312 758 768
339 282 698 966
883 118 922 448
629 657 795 658
746 1 888 949
871 397 948 463
522 301 876 527
432 739 674 799
46 260 655 887
510 127 879 872
341 890 847 924
464 515 738 748
1000 433 397 766
410 637 903 658
471 968 576 992
707 43 852 668
268 824 702 880
485 129 570 255
986 757 991 956
429 229 923 673
496 85 601 524
882 295 926 969
535 446 714 941
368 212 553 899
594 732 830 965
562 844 690 882
5 436 770 966
728 264 950 468
870 96 913 293
280 727 785 850
302 817 863 935
150 334 840 644
417 844 893 928
747 820 984 876
141 361 741 796
892 180 949 530
206 274 401 958
22 238 994 923
432 920 500 948
928 339 933 537
555 641 593 848
94 399 613 453
333 575 407 688
746 437 909 462
560 928 623 979
84 305 957 707
627 407 762 624
741 605 814 843
16 652 726 653
815 49 874 566
910 379 968 892
916 227 982 559
994 494 1000 846
44 774 1000 812
403 304 790 756
298 70 720 533
205 23 292 766
380 840 615 846
850 751 861 835
890 799 972 847
678 798 983 871
584 147 751 690
1000 153 863 288
448 498 737 619
150 292 411 323
242 69 675 358
449 330 826 578
409 808 626 815
553 556 886 807
590 418 764 650
896 701 934 975
140 784 512 923
77 886 205 956
147 542 667 794
817 699 866 824
719 454 858 906
248 18 801 437
172 120 550 876
528 968 991 972
241 198 779 207
672 820 911 894
516 507 522 688
714 705 788 985
144 696 932 737
383 749 751 997
359 818 854 829
622 293 689 878
59 634 886 739
591 827 879 885
12 388 47 489
122 107 640 521
443 125 968 622
187 189 801 831
520 401 735 584
579 373 820 570
693 906 735 974
473 570 502 590
543 346 850 586
437 565 895 853
623 566 928 642
27 377 738 749
99 537 577 849
377 327 444 535
895 30 915 389
822 858 866 878
879 442 931 715
262 666 622 779
359 548 663 562
546 565 928 901
301 67 863 591
83 403 945 873
737 935 742 993
600 508 738 527
359 864 697 981
162 524 661 784
701 141 721 348
709 147 986 168
213 585 794 826
300 637 356 787
318 860 964 935
105 254 1000 854
324 672 935 985
324 838 511 883
910 487 973 730
73 581 873 927
832 712 892 806
670 478 965 589
955 921 968 938
418 732 659 887
512 223 934 748
431 229 576 762
988 666 988 718
359 640 468 982
140 936 723 986
868 427 944 834
454 893 833 919
451 317 617 639
409 811 987 971
498 242 646 558
546 43 872 57
835 814 999 817
626 648 802 676
621 841 945 980
695 298 712 855
871 744 917 759
788 767 880 854
971 289 971 764
782 972 946 987
640 396 926 966
135 571 488 738
261 397 372 433
39 166 559 656
312 430 873 815
193 980 419 982
440 510 570 552
895 87 904 579
749 587 866 919
458 911 999 953
480 337 962 503
624 852 810 987
534 28 951 136
663 593 961 646
102 682 373 870
812 96 901 746
334 98 900 141
381 516 455 905
717 532 789 703
370 296 415 331
274 501 302 641
60 766 512 796
959 456 986 663
524 28 879 763
884 61 987 874
775 577 817 895
823 136 885 945
661 465 796 533
175 709 217 987
752 326 876 892
632 319 962 333
757 830 853 874
141 983 268 999
862 169 868 303
689 508 789 599
859 864 860 865
858 28 977 620
790 76 873 988
408 281 509 320
901 624 960 889
381 11 554 296
992 983 997 987
332 327 723 870
321 83 502 523
1000 789 890 958
40 251 869 882
922 319 945 881
311 175 635 292
792 596 867 882
571 358 874 506
589 179 952 657
282 756 369 841
50 334 660 525
708 496 850 720
758 912 912 979
398 357 402 775
696 27 879 957
530 280 911 921
785 327 980 828
23 600 620 767
670 876 746 896
939 167 990 688
235 77 977 150
899 185 997 390
657 962 786 990
681 652 900 774
934 644 987 910
205 926 702 962
798 632 928 755
353 900 865 996
981 993 999 999
743 675 831 912
653 8 719 374
491 990 617 995
146 317 189 474
334 73 532 904
374 960 378 995
57 198 745 643
746 705 829 810
332 624 947 682
828 381 965 961
151 198 358 478
699 368 948 843
445 85 744 892
216 103 225 157
293 86 544 861
26 491 290 962
828 51 903 300
159 281 654 716
574 168 726 651
892 331 946 333
332 381 986 972
74 295 504 849
465 86 673 616
592 364 951 385
19 759 177 942
667 82 837 715
289 809 485 945
746 865 915 903
288 53 531 426
215 515 713 571
608 107 954 435
825 643 953 776
872 592 971 760
735 866 881 950
781 616 917 706
80 62 793 741
479 534 697 534
114 107 333 339
248 809 606 881
797 398 998 660
638 945 851 982
254 727 869 935
630 252 663 855
724 601 958 763
182 325 313 394
728 859 802 942
905 660 995 774
140 412 767 860
700 175 853 704
923 206 940 937
849 311 872 983
963 768 976 949
636 615 884 995
174 713 464 845
361 509 417 821
291 142 442 755
715 303 750 382
384 937 494 964
832 785 883 856
50 598 440 832
799 917 936 922
857 501 896 734
811 218 996 301
645 408 677 506
639 614 875 837
297 383 849 654
652 946 723 961
653 728 897 732
818 104 854 878
961 403 963 711
283 918 400 980
144 967 566 985
711 533 956 788
513 217 941 701
50 45 938 768
819 912 893 961
543 450 696 983
743 277 775 703
410 36 822 65
209 327 959 758
581 362 612 537
347 84 714 610
4 54 689 486
264 76 590 522
135 960 322 985
446 420 993 529
427 572 658 992
859 576 970 761
30 673 549 709
809 271 811 531
654 181 914 931
154 440 441 801
997 387 1000 901
846 88 901 136
449 663 827 917
192 361 438 810
836 778 855 918
250 405 919 502
566 973 755 974
373 984 887 1000
586 134 713 872
496 240 907 999
482 168 961 924
1000 18 108 52
716 920 760 934
423 572 589 821
98 566 374 982
703 62 919 137
966 497 991 728
146 891 736 982
649 370 883 657
237 223 625 536
125 63 375 607
873 194 877 859
983 929 991 946
431 315 660 739
725 528 895 760
494 452 559 692
77 264 889 897
989 512 989 995
655 419 878 428
435 51 587 636
868 920 982 946
546 919 734 977
929 811 935 928
965 721 1000 967
818 364 992 594
630 10 882 901
196 879 597 899
987 543 998 854
538 354 890 970
65 821 316 821
502 709 527 771
430 423 666 960
1 192 951 320
638 866 915 917
422 180 550 466
29 178 988 654
5 646 79 663
854 560 899 608
799 639 990 993
374 62 803 353
158 809 873 931
737 616 858 679
808 17 971 351
137 531 787 791
425 14 810 297
295 829 900 911
186 338 513 369
454 779 555 970
550 753 916 760
605 69 727 595
209 344 264 556
513 980 656 994
900 996 940 1000
686 322 896 788
827 849 965 917
70 591 258 865
355 160 792 296
54 654 875 848
615 632 858 637
11 492 927 659
857 173 990 924
177 423 648 787
944 838 971 852
1 817 252 893
89 278 305 343
847 21 904 261
855 665 941 768
391 644 434 995
195 775 672 790
60 39 961 48
789 652 876 856
707 897 895 941
968 41 972 703
626 607 830 686
53 136 864 909
314 897 521 940
929 613 991 778
692 869 708 940
234 629 818 700
812 317 900 482
749 419 938 666
320 492 567 735
67 598 576 916
745 966 871 993
842 18 874 869
760 632 801 906
401 342 484 830
173 867 768 886
690 472 933 936
16 291 524 573
838 941 876 951
913 6 976 859
486 910 860 960
777 453 998 795
926 46 957 805
41 252 206 981
491 58 907 441
92 687 491 856
954 285 969 402
278 673 387 717
814 424 929 577
315 759 610 892
476 701 914 817
927 667 980 996
445 880 886 922
435 315 582 337
143 321 310 851
224 385 384 934
297 391 549 683
78 905 926 954
751 907 989 951
214 641 990 800
52 91 291 296
327 176 766 893
290 39 547 952
193 392 499 729
150 945 708 961
537 465 946 712
186 231 644 307
615 775 991 967
263 816 899 913
234 811 400 987
9 275 641 381
300 151 706 521
914 233 990 797
745 113 946 717
343 411 680 537
664 254 829 512
952 609 955 645
948 883 966 923
769 77 878 289
238 25 709 454
121 471 397 987
58 211 348 784
587 962 719 997
42 128 680 192
773 600 914 879
314 763 549 936
714 24 964 78
391 228 795 667
532 26 901 112
622 28 781 91
442 923 826 957
259 358 468 610
564 971 567 981
11 212 70 570
394 605 695 646
835 907 868 967
488 249 730 747
397 235 756 938
380 953 619 999
127 357 200 730
202 29 408 864
370 133 546 448
835 235 837 689
665 134 762 872
719 21 903 528
137 399 930 584
536 288 664 980
462 80 901 919
281 500 846 955
676 832 706 945
800 895 924 913
115 755 765 814
134 516 229 811
566 205 716 779
309 166 580 667
169 264 865 955
463 453 599 678
635 431 963 883
254 520 307 917
411 710 440 913
235 432 881 655
1 931 299 998
117 995 944 997
420 811 817 945
581 892 990 978
63 35 242 800
31 448 44 760
699 492 907 648
734 105 867 959
597 163 915 738
377 258 916 761
605 718 640 988
353 305 364 900
166 529 522 855
336 584 371 921
951 301 955 706
644 38 822 62
431 562 486 948
886 283 967 786
518 959 680 971
636 173 750 974
690 412 904 480
689 511 745 918
493 361 522 539
41 303 241 349
877 912 929 965
953 203 984 608
719 523 964 868
536 241 832 575
718 365 778 797
20 965 772 973
484 16 589 226
483 279 547 310
519 874 894 951
721 310 840 764
698 520 932 644
931 847 966 954
157 268 976 943
945 740 949 984
907 431 997 717
924 668 961 979
261 942 704 989
342 31 509 417
638 83 719 367
313 220 919 409
126 283 711 387
156 756 973 850
622 57 821 960
719 829 880 911
599 697 609 971
495 940 717 968
876 25 953 870
507 89 591 761
214 897 683 898
305 228 586 710
136 761 952 967
295 171 811 644
295 335 707 716
746 52 936 732
169 781 374 871
297 648 953 737
250 463 663 663
165 537 927 772
57 904 444 943
904 598 995 717
29 692 643 977
618 231 771 905
879 214 938 529
882 619 885 833
215 772 815 986
459 206 482 629
133 27 576 361
564 703 601 851
821 811 960 841
991 326 999 724
951 142 967 941
703 665 752 831
537 823 802 956
280 202 689 896
714 338 908 470
724 102 901 919
58 558 250 564
505 10 962 530
291 757 600 813
82 831 751 923
437 705 452 991
847 168 979 465
275 592 515 828
287 947 828 977
854 359 923 483
481 397 866 483
580 367 759 461
738 966 839 999
907 770 966 932
789 571 958 935
828 108 928 112
228 473 378 873
465 416 653 714
420 503 949 521
999 807 1000 829
76 483 293 803
953 351 982 832
19 915 57 959
583 254 611 479
775 877 925 899
821 742 872 876
166 362 683 621
239 544 954 752
567 361 781 529
161 760 643 939
449 164 604 914
662 374 673 805
609 426 685 681
702 572 876 964
173 559 678 800
383 456 967 558
34 623 153 787
767 245 828 253
405 724 753 892
310 203 664 969
690 403 690 643
994 262 1000 796
323 837 959 856
741 277 923 552
800 310 925 695
336 471 861 533
348 589 563 990
15 333 846 482
885 913 918 919
628 686 705 888
660 211 722 468
152 912 325 992
245 11 553 370
855 893 913 963
602 809 779 904
127 651 258 868
139 842 199 903
893 718 994 873
166 32 972 879
865 787 964 879
983 451 992 615
506 65 518 646
85 934 850 991
470 185 708 616
738 941 766 976
416 131 589 229
805 726 934 795
213 956 797 985
716 143 787 271
638 643 817 968
794 514 965 822
72 558 324 623
477 658 495 979
721 471 813 732
705 282 970 816
395 541 604 543
809 419 878 561
861 553 871 970
991 860 994 895
134 209 970 301
120 664 861 792
824 270 893 900
248 205 962 325
286 925 815 972
209 675 467 772
998 827 999 895
652 727 721 874
651 346 725 719
58 820 350 878
709 820 839 932
227 43 909 331
771 13 775 420
852 77 928 626
35 562 284 857
810 480 873 755
67 528 575 811
578 581 948 604
286 385 559 856
675 700 897 778
472 828 828 858
784 33 953 667
584 279 724 500
757 801 806 942
429 847 756 945
901 769 944 838
106 664 471 786
951 535 952 604
577 955 611 968
323 367 846 539
19 580 476 608
678 863 799 987
43 273 53 718
573 498 602 955
8 655 847 732
603 235 754 697
280 961 329 988
39 761 62 768
567 569 670 620
527 455 840 745
736 14 928 417
101 441 403 890
165 391 834 707
592 501 888 822
976 330 991 644
31 1 966 628
473 998 751 998
298 606 514 778
335 781 849 905
76 167 255 912
368 136 748 261
669 895 731 903
47 29 237 421
155 990 882 998
281 592 283 935
236 968 746 994
914 360 969 497
305 347 743 370
130 561 504 711
17 373 645 923
554 163 632 581
492 378 690 781
345 484 672 831
752 182 844 548
530 522 567 617
772 898 952 909
253 578 546 856
515 854 580 964
194 671 435 952
902 888 922 986
853 715 968 735
172 198 557 884
696 434 867 711
533 274 775 518
130 763 906 780
31 887 863 897
929 176 949 915
358 250 943 949
718 327 877 475
615 819 736 891
176 334 365 423
84 546 806 800
143 836 575 842
56 295 888 424
869 371 916 389
305 907 805 916
948 225 978 304
838 486 935 526
148 128 915 374
875 103 972 337
359 139 529 919
968 243 993 892
160 834 811 972
55 328 384 873
290 462 910 870
237 39 268 964
104 496 747 889
697 427 888 633
907 510 1000 847
149 253 948 577
492 37 707 185
168 593 768 785
401 408 906 759
398 982 798 996
381 142 731 680
807 409 915 561
584 88 667 246
771 496 880 707
319 175 848 927
465 780 997 799
479 646 817 954
288 624 852 704
144 736 203 863
973 20 990 116
651 921 948 926
91 186 686 473
510 153 590 744
738 668 780 862
183 847 849 970
402 770 426 835
153 563 753 644
131 276 831 372
803 564 988 869
266 264 499 835
351 561 403 816
143 339 906 700
678 5 951 879
688 171 965 856
873 282 942 738
985 646 990 850
771 449 955 599
559 920 679 975
23 295 290 515
74 816 184 858
371 132 507 727
998 636 998 647
245 37 850 98
305 535 311 972
494 471 980 670
210 57 390 201
146 615 298 691
73 395 790 397
30 612 905 772
153 820 919 882
752 527 853 928
460 160 501 961
569 932 625 967
974 875 976 947
311 675 656 682
680 278 964 400
828 964 880 1000
64 261 242 864
595 75 721 344
778 940 881 960
39 234 55 455
874 113 977 385
166 52 640 188
892 116 909 896
539 619 552 969
164 842 324 890
395 741 795 883
417 92 680 457
57 660 778 914
55 305 635 932
910 710 981 831
808 944 879 982
179 666 538 889
663 850 837 864
318 896 856 993
398 755 602 809
220 553 996 591
339 524 830 550
880 503 964 776
98 962 442 980
85 64 119 693
907 57 922 141
75 123 608 920
884 776 924 812
483 935 626 974
936 158 990 937
471 466 557 877
884 249 964 397
967 107 987 661
224 52 543 793
920 280 978 344
971 329 1000 554
612 932 987 952
382 80 408 131
695 248 833 674
355 109 970 867
597 25 804 756
844 738 885 920
653 234 992 828
898 402 958 766
298 325 555 481
787 369 787 931
733 973 761 992
495 343 670 428
130 195 218 249
896 881 948 909
349 869 413 936
410 649 948 800
624 660 923 721
945 977 989 980
763 942 937 969
375 3 554 406
456 518 674 654
844 709 909 772
906 62 935 444
885 278 971 496
563 256 919 876
1000 732 399 906
73 438 338 682
636 844 715 895
13 57 777 378
717 777 853 989
570 912 959 997
804 3 971 58
593 537 795 611
671 531 936 929
434 666 960 839
717 344 836 468
113 994 547 1000
33 153 259 931
276 223 379 908
13 258 324 421
78 551 585 761
520 866 808 994
485 219 537 904
721 893 872 933
138 720 432 851
385 570 932 773
451 594 539 792
284 778 788 790
733 744 811 884
980 863 994 899
601 989 779 998
674 134 838 406
965 73 975 621
404 861 559 958
777 46 939 963
52 848 60 931
769 499 836 891
485 492 692 882
671 723 985 885
984 922 997 984
591 590 768 774
284 249 779 495
378 198 606 849
765 598 878 956
560 582 661 949
856 245 972 313
491 707 1000 791
338 137 534 383
242 389 526 706
653 884 830 938
561 466 888 616
71 834 932 952
183 707 281 909
442 542 775 639
484 828 956 916
178 531 185 754
363 258 630 591
380 734 412 981
503 626 634 844
123 696 398 917
421 367 424 449
574 987 577 997
927 130 981 383
113 405 656 501
296 43 618 759
161 976 689 1000
776 957 811 967
556 829 931 908
59 150 218 921
846 568 879 835
492 494 985 996
639 145 932 710
470 1 957 673
280 119 465 572
725 1000 774 74
519 687 969 750
470 262 748 289
189 97 949 882
186 833 892 917
707 837 990 955
611 773 881 946
825 9 916 376
295 639 816 962
664 324 737 414
771 617 900 714
279 125 591 360
918 758 940 838
677 289 843 417
215 213 527 248
292 500 609 689
172 10 482 140
555 802 823 870
531 859 642 995
669 495 959 872
540 125 988 561
646 928 798 952
555 223 917 341
863 428 871 719
96 12 358 717
461 270 909 522
957 26 978 676
182 818 423 997
402 134 701 251
926 253 985 808
475 532 873 852
67 143 605 766
170 134 736 853
594 161 619 497
450 840 927 996
414 729 634 796
778 725 806 941
482 312 654 841
989 689 993 884
833 543 966 589
875 705 958 782
931 416 954 608
918 379 925 616
193 709 903 951
907 646 992 795
853 423 994 916
650 674 847 841
259 632 537 658
973 887 995 961
408 3 716 819
734 621 916 994
144 182 869 665
189 313 488 422
727 552 846 820
966 238 975 849
356 792 862 806
617 334 758 865
995 182 1000 840
813 919 999 922
254 369 315 574
462 779 654 991
470 859 929 972
960 914 998 917
986 189 999 914
244 387 377 641
48 782 282 955
623 296 821 737
693 695 818 886
917 975 927 993
376 146 556 375
184 434 517 941
577 789 835 942
350 10 954 400
327 590 491 965
85 371 825 628
645 194 755 749
915 432 964 910
657 234 889 358
247 245 263 650
877 6 957 153
156 280 682 491
42 195 104 562
395 568 587 915
41 473 117 643
456 362 621 469
121 43 785 857
450 933 786 941
472 822 970 897
551 912 721 948
556 345 996 778
342 848 513 974
743 386 787 864
443 682 499 825
